22, 1, 7, 18, 3, 3, 12, 19, 16, 6, 29, 0, 4, 25, 2, 24, 5, 0, 0, 15, 6, 6, 17, 19, 26, 20, 4, 27, 20, 20, 7, 3, 27, 27, 32, 29, 8, 19, 11, 27, 13, 17, 11, 6, 30, 27, 2, 23, 3, 11 
10, 7, 14, 21, 12, 20, 30, 5, 19, 12, 22, 0, 27, 5, 25, 19, 2, 0, 0, 5, 11, 19, 3, 26, 12, 23, 18, 17, 12, 30, 19, 27, 5, 5, 15, 16, 19, 12, 28, 7, 1, 27, 19, 8, 5, 4, 14, 9, 29, 12 
31.9, 10.5, 6.3, 7.3, 20.5, 3.1, 12.9, 12.8, 25.6, 12.4, 2.4, 0, 7.4, 17.4, 6.9, 20.9, 16.0, 0, 0, 5.7, 12.7, 14.2, 12.8, 9.5, 3.6, 6.1, 17.2, 15.0, 5.0, 9.4, 10.4, 14.0, 20.4, 7.3, 8.1, 9.7, 29.5, 25.3, 33.5, 5.4, 8.7, 16.6, 16.0, 42.3, 19.0, 17.4, 11.0, 5.0, 15.5, 5.0 
13.63, 13.63, 13.63, 13.63, 13.63, 13.63, 13.63, 13.63, 13.63, 13.63, 13.63, 13.63, 13.63, 13.63, 13.63, 13.63, 13.63, 13.63, 13.63, 13.63, 13.63, 13.63, 13.63, 13.63, 13.63, 13.63, 13.63, 13.63, 13.63, 13.63, 13.63, 13.63, 13.63, 13.63, 13.63, 13.63, 13.63, 13.63, 13.63, 13.63, 13.63, 13.63, 13.63, 13.63, 13.63, 13.63, 13.63, 13.63, 13.63, 13.63 
29, 26, 0, 0, 0, 0, 0, 0, 5, 0, 0, 0, 0, 0, 0, 0, 25, 2, 16, 0, 0, 0, 0, 0, 7, 2, 25, 14, 0, 0, 0, 0, 0, 20, 24, 22, 25, 1, 21, 25, 23, 30, 8, 21, 25, 11, 9, 8, 31, 10 
32, 20, 0, 0, 0, 0, 0, 0, 12, 0, 0, 0, 0, 0, 0, 0, 31, 7, 28, 0, 0, 0, 0, 0, 14, 15, 17, 25, 0, 0, 0, 0, 0, 30, 26, 7, 15, 29, 4, 12, 4, 5, 15, 7, 25, 20, 8, 17, 32, 15 
25.5, 20.8, 0, 0, 0, 0, 0, 0, 27.1, 0, 0, 0, 0, 0, 0, 0, 18.7, 19.7, 4.0, 0, 0, 0, 0, 0, 10.6, 16.1, 17.9, 3.5, 0, 0, 0, 0, 0, 11.7, 12.8, 11.5, 16.8, 16.4, 15.8, 6.2, 32.3, 13.7, 10.6, 4.9, 20.6, 27.3, 19.8, 11.8, 25.3, 13.9 
18.59, 18.59, 18.59, 18.59, 18.59, 18.59, 18.59, 18.59, 18.59, 18.59, 18.59, 18.59, 18.59, 18.59, 18.59, 18.59, 18.59, 18.59, 18.59, 18.59, 18.59, 18.59, 18.59, 18.59, 18.59, 18.59, 18.59, 18.59, 18.59, 18.59, 18.59, 18.59, 18.59, 18.59, 18.59, 18.59, 18.59, 18.59, 18.59, 18.59, 18.59, 18.59, 18.59, 18.59, 18.59, 18.59, 18.59, 18.59, 18.59, 18.59 
19, 10, 31, 18, 29, 6, 24, 8, 1, 1, 1, 9, 28, 31, 19, 29, 10, 12, 13, 25, 25, 1, 27, 4, 0, 0, 0, 0, 0, 0, 0, 0, 0, 25, 3, 31, 24, 31, 20, 21, 21, 11, 19, 24, 3, 17, 29, 19, 0, 8 
19, 1, 13, 21, 28, 9, 23, 11, 27, 2, 27, 30, 1, 6, 24, 28, 15, 8, 27, 31, 1, 21, 12, 27, 0, 0, 0, 0, 0, 0, 0, 0, 0, 26, 21, 32, 27, 17, 27, 28, 12, 19, 24, 23, 3, 1, 5, 28, 0, 1 
13.1, 8.4, 25.0, 18.3, 38.4, 13.2, 17.2, 6.8, 10.9, 19.2, 36.5, 4.9, 34.2, 23.2, 9.8, 35.0, 7.7, 41.7, 16.4, 23.7, 31.0, 33.6, 14.4, 6.8, 0, 0, 0, 0, 0, 0, 0, 0, 0, 8.2, 8.5, 20.3, 20.7, 25.2, 13.8, 34.8, 23.5, 6.7, 23.4, 11.7, 3.8, 17.5, 22.3, 16.6, 0, 12.8 
17.69, 17.69, 17.69, 17.69, 17.69, 17.69, 17.69, 17.69, 17.69, 17.69, 17.69, 17.69, 17.69, 17.69, 17.69, 17.69, 17.69, 17.69, 17.69, 17.69, 17.69, 17.69, 17.69, 17.69, 17.69, 17.69, 17.69, 17.69, 17.69, 17.69, 17.69, 17.69, 17.69, 17.69, 17.69, 17.69, 17.69, 17.69, 17.69, 17.69, 17.69, 17.69, 17.69, 17.69, 17.69, 17.69, 17.69, 17.69, 17.69, 17.69 
31, 9, 27, 3, 0, 0, 0, 0, 0, 0, 13, 14, 21, 29, 22, 9, 6, 10, 17, 20, 8, 16, 13, 21, 14, 17, 8, 22, 17, 15, 0, 8, 28, 28, 26, 4, 15, 24, 8, 10, 16, 5, 24, 5, 31, 18, 13, 22, 27, 21 
23, 12, 10, 20, 0, 0, 0, 0, 0, 0, 21, 14, 22, 32, 19, 12, 17, 18, 12, 32, 30, 2, 14, 3, 13, 9, 19, 23, 26, 12, 0, 19, 32, 32, 12, 1, 28, 30, 19, 8, 22, 29, 12, 15, 32, 25, 16, 27, 4, 19 
8.7, 14.8, 20.3, 1.4, 0, 0, 0, 0, 0, 0, 12.9, 6.8, 14.6, 7.9, 12.8, 11.1, 11.7, 13.5, 16.7, 26.5, 27.9, 5.5, 18.4, 8.2, 11.9, 35.5, 15.9, 12.4, 14.4, 14.2, 0, 17.2, 23.9, 7.2, 9.4, 5.3, 28.9, 31.9, 14.3, 24.7, 17.1, 6.3, 16.0, 14.0, 8.2, 16.4, 13.0, 19.9, 28.1, 5.0 
13.34, 13.34, 13.34, 13.34, 13.34, 13.34, 13.34, 13.34, 13.34, 13.34, 13.34, 13.34, 13.34, 13.34, 13.34, 13.34, 13.34, 13.34, 13.34, 13.34, 13.34, 13.34, 13.34, 13.34, 13.34, 13.34, 13.34, 13.34, 13.34, 13.34, 13.34, 13.34, 13.34, 13.34, 13.34, 13.34, 13.34, 13.34, 13.34, 13.34, 13.34, 13.34, 13.34, 13.34, 13.34, 13.34, 13.34, 13.34, 13.34, 13.34 
4, 22, 4, 32, 0, 0, 0, 0, 28, 8, 26, 23, 2, 9, 28, 3, 12, 9, 6, 13, 11, 0, 0, 18, 15, 0, 30, 24, 23, 27, 9, 20, 17, 23, 23, 3, 9, 27, 7, 11, 24, 29, 4, 9, 26, 25, 6, 26, 12, 27 
2, 23, 17, 18, 0, 0, 0, 0, 28, 3, 1, 16, 2, 26, 31, 9, 12, 28, 11, 13, 5, 0, 0, 9, 23, 0, 6, 2, 2, 32, 24, 9, 23, 10, 31, 9, 22, 5, 14, 2, 23, 25, 21, 20, 28, 23, 2, 7, 17, 9 
4.6, 25.3, 23.0, 4.3, 0, 0, 0, 0, 18.6, 11.4, 23.6, 16.6, 22.3, 12.6, 12.6, 16.8, 20.1, 15.8, 8.4, 10.5, 23.0, 0, 0, 6.9, 28.3, 0, 20.4, 3.9, 6.5, 15.3, 24.4, 5.8, 6.0, 14.3, 29.3, 17.3, 18.7, 25.4, 7.0, 16.7, 24.4, 12.1, 6.7, 19.2, 8.0, 5.4, 9.9, 10.2, 11.6, 18.2 
13.9, 13.9, 13.9, 13.9, 13.9, 13.9, 13.9, 13.9, 13.9, 13.9, 13.9, 13.9, 13.9, 13.9, 13.9, 13.9, 13.9, 13.9, 13.9, 13.9, 13.9, 13.9, 13.9, 13.9, 13.9, 13.9, 13.9, 13.9, 13.9, 13.9, 13.9, 13.9, 13.9, 13.9, 13.9, 13.9, 13.9, 13.9, 13.9, 13.9, 13.9, 13.9, 13.9, 13.9, 13.9, 13.9, 13.9, 13.9, 13.9, 13.9 
2, 23, 0, 0, 0, 0, 0, 0, 0, 0, 0, 0, 0, 0, 0, 0, 22, 14, 31, 1, 5, 17, 0, 0, 0, 9, 12, 14, 29, 2, 14, 21, 25, 11, 29, 19, 19, 14, 9, 9, 10, 23, 32, 2, 9, 5, 8, 14, 10, 0 
9, 11, 0, 0, 0, 0, 0, 0, 0, 0, 0, 0, 0, 0, 0, 0, 19, 17, 22, 7, 18, 4, 0, 0, 0, 20, 3, 25, 5, 18, 3, 11, 17, 16, 10, 18, 11, 24, 2, 1, 8, 28, 6, 18, 17, 3, 17, 13, 27, 0 
6.6, 2.8, 0, 0, 0, 0, 0, 0, 0, 0, 0, 0, 0, 0, 0, 0, 2.7, 6.9, 15.4, 24.6, 0.9, 0.0, 0, 0, 0, 5.6, 5.3, 7.4, 15.5, 5.4, 2.8, 10.2, 4.9, 27.4, 8.8, 18.6, 16.2, 16.6, 15.5, 13.5, 12.2, 22.0, 3.5, 11.2, 14.1, 4.8, 18.0, 19.3, 5.3, 0 
11.96, 11.96, 11.96, 11.96, 11.96, 11.96, 11.96, 11.96, 11.96, 11.96, 11.96, 11.96, 11.96, 11.96, 11.96, 11.96, 11.96, 11.96, 11.96, 11.96, 11.96, 11.96, 11.96, 11.96, 11.96, 11.96, 11.96, 11.96, 11.96, 11.96, 11.96, 11.96, 11.96, 11.96, 11.96, 11.96, 11.96, 11.96, 11.96, 11.96, 11.96, 11.96, 11.96, 11.96, 11.96, 11.96, 11.96, 11.96, 11.96, 11.96 
7, 25, 3, 26, 4, 25, 28, 0, 29, 2, 9, 10, 31, 16, 0, 17, 20, 32, 25, 8, 13, 14, 11, 0, 0, 16, 18, 13, 0, 0, 28, 22, 11, 16, 22, 7, 11, 16, 3, 29, 19, 19, 22, 3, 17, 13, 7, 9, 32, 20 
13, 6, 7, 22, 20, 28, 13, 0, 1, 27, 11, 3, 6, 10, 0, 11, 29, 24, 2, 11, 13, 23, 4, 0, 0, 30, 11, 13, 0, 0, 22, 8, 24, 3, 17, 13, 8, 14, 18, 25, 24, 11, 26, 21, 1, 13, 31, 10, 11, 24 
4.2, 8.3, 1.7, 10.5, 3.4, 17.4, 12.2, 0, 5.5, 7.6, 13.3, 3.6, 3.8, 2.0, 0, 2.6, 17.0, 3.7, 12.7, 6.6, 6.5, 0.9, 5.7, 0, 0, 1.1, 8.3, 8.0, 0, 0, 7.7, 10.4, 5.2, 15.0, 6.0, 22.7, 22.9, 5.6, 6.3, 19.6, 10.1, 11.9, 24.4, 10.6, 9.5, 3.7, 3.3, 1.4, 21.7, 19.2 
7.95, 7.95, 7.95, 7.95, 7.95, 7.95, 7.95, 7.95, 7.95, 7.95, 7.95, 7.95, 7.95, 7.95, 7.95, 7.95, 7.95, 7.95, 7.95, 7.95, 7.95, 7.95, 7.95, 7.95, 7.95, 7.95, 7.95, 7.95, 7.95, 7.95, 7.95, 7.95, 7.95, 7.95, 7.95, 7.95, 7.95, 7.95, 7.95, 7.95, 7.95, 7.95, 7.95, 7.95, 7.95, 7.95, 7.95, 7.95, 7.95, 7.95 
6, 31, 18, 14, 22, 13, 17, 15, 4, 26, 16, 3, 29, 15, 12, 13, 8, 20, 19, 5, 28, 8, 7, 9, 31, 23, 24, 7, 0, 18, 26, 6, 0, 6, 27, 20, 31, 20, 5, 32, 14, 18, 14, 20, 16, 24, 22, 4, 0, 17 
4, 22, 8, 30, 26, 15, 17, 3, 9, 13, 17, 2, 23, 29, 3, 26, 20, 5, 3, 10, 26, 14, 13, 19, 22, 12, 32, 7, 0, 26, 17, 15, 0, 20, 23, 26, 17, 4, 3, 6, 11, 24, 13, 26, 27, 28, 1, 3, 0, 17 
3.2, 0.9, -0.5, 9.2, 3.2, 4.0, 2.2, 6.4, 5.8, 12.0, 2.2, 2.8, 10.8, 25.2, 2.0, 3.4, 4.3, 20.0, 6.5, 6.7, 10.3, 6.3, 2.7, 4.3, 9.8, 7.0, 12.8, 13.4, 0, 8.7, 5.0, 5.8, 0, 2.2, 15.8, 10.5, 0.8, 14.6, 5.2, 10.9, 32.7, 18.8, 30.9, 6.1, 22.6, 18.2, 10.6, 8.0, 0, 1.9 
8.02, 8.02, 8.02, 8.02, 8.02, 8.02, 8.02, 8.02, 8.02, 8.02, 8.02, 8.02, 8.02, 8.02, 8.02, 8.02, 8.02, 8.02, 8.02, 8.02, 8.02, 8.02, 8.02, 8.02, 8.02, 8.02, 8.02, 8.02, 8.02, 8.02, 8.02, 8.02, 8.02, 8.02, 8.02, 8.02, 8.02, 8.02, 8.02, 8.02, 8.02, 8.02, 8.02, 8.02, 8.02, 8.02, 8.02, 8.02, 8.02, 8.02 
16, 19, 20, 29, 11, 0, 21, 29, 10, 29, 24, 26, 7, 20, 7, 0, 29, 1, 0, 10, 0, 9, 3, 17, 25, 13, 19, 0, 24, 22, 0, 12, 23, 15, 19, 23, 23, 17, 26, 16, 27, 3, 2, 1, 7, 28, 20, 28, 22, 32 
24, 27, 16, 28, 8, 0, 24, 6, 11, 18, 10, 1, 20, 11, 7, 0, 23, 15, 0, 30, 0, 10, 18, 2, 5, 24, 29, 0, 9, 11, 0, 24, 11, 24, 3, 6, 7, 11, 25, 15, 17, 21, 18, 14, 31, 6, 27, 26, 24, 11 
20.8, 15.1, 23.9, 26.6, 14.9, 0, 46.6, 37.2, 11.2, 20.0, 6.2, 17.9, 17.0, 21.9, 14.5, 0, 14.4, 14.8, 0, 4.4, 0, 20.3, 7.8, 12.2, 17.8, 19.5, 8.3, 0, 34.2, 9.1, 0, 1.3, 8.2, 10.8, 3.6, 13.6, 8.6, 24.1, 14.3, 20.1, 11.6, 20.6, 7.2, 5.6, 14.3, 7.6, 23.0, 7.7, 4.4, 1.7 
14.64, 14.64, 14.64, 14.64, 14.64, 14.64, 14.64, 14.64, 14.64, 14.64, 14.64, 14.64, 14.64, 14.64, 14.64, 14.64, 14.64, 14.64, 14.64, 14.64, 14.64, 14.64, 14.64, 14.64, 14.64, 14.64, 14.64, 14.64, 14.64, 14.64, 14.64, 14.64, 14.64, 14.64, 14.64, 14.64, 14.64, 14.64, 14.64, 14.64, 14.64, 14.64, 14.64, 14.64, 14.64, 14.64, 14.64, 14.64, 14.64, 14.64 
0, 18, 29, 6, 7, 1, 0, 0, 11, 16, 18, 21, 5, 19, 29, 0, 24, 4, 14, 23, 12, 7, 16, 0, 0, 0, 6, 21, 32, 28, 20, 0, 0, 32, 6, 32, 3, 23, 3, 15, 26, 28, 16, 19, 10, 26, 32, 2, 28, 26 
0, 4, 23, 29, 9, 2, 0, 0, 26, 30, 8, 24, 7, 15, 18, 0, 22, 29, 18, 12, 10, 20, 32, 0, 0, 0, 7, 26, 31, 17, 26, 0, 0, 6, 13, 17, 1, 15, 18, 9, 28, 17, 27, 24, 16, 26, 11, 18, 7, 26 
0, 17.1, 10.7, 7.6, 21.9, 11.2, 0, 0, 11.5, 6.1, 4.2, 3.1, 25.6, 9.0, 14.4, 0, 13.3, 5.9, 5.5, 4.7, 5.1, 6.6, 2.7, 0, 0, 0, 7.4, 6.4, 14.2, 14.6, 4.8, 0, 0, 16.5, 8.6, 4.4, 27.6, 6.4, 13.2, 13.8, 15.3, 5.4, 4.8, 28.0, 9.8, 27.5, 0.9, 5.1, 6.1, 3.3 
10.4, 10.4, 10.4, 10.4, 10.4, 10.4, 10.4, 10.4, 10.4, 10.4, 10.4, 10.4, 10.4, 10.4, 10.4, 10.4, 10.4, 10.4, 10.4, 10.4, 10.4, 10.4, 10.4, 10.4, 10.4, 10.4, 10.4, 10.4, 10.4, 10.4, 10.4, 10.4, 10.4, 10.4, 10.4, 10.4, 10.4, 10.4, 10.4, 10.4, 10.4, 10.4, 10.4, 10.4, 10.4, 10.4, 10.4, 10.4, 10.4, 10.4 
7, 25, 3, 26, 4, 0, 0, 10, 29, 2, 9, 10, 31, 16, 24, 17, 7, 27, 7, 19, 14, 5, 24, 1, 26, 22, 0, 18, 19, 25, 18, 11, 0, 10, 8, 1, 22, 18, 18, 24, 2, 32, 2, 12, 3, 29, 27, 12, 17, 31 
13, 6, 7, 22, 20, 0, 0, 29, 1, 27, 11, 3, 6, 10, 16, 11, 7, 6, 29, 9, 23, 11, 17, 15, 12, 8, 0, 4, 11, 2, 30, 13, 0, 13, 11, 20, 14, 26, 31, 17, 21, 6, 18, 16, 3, 11, 4, 25, 13, 6 
13.6, 41.6, 14.6, 17.1, 10.1, 0, 0, 7.9, 9.5, 13.1, 9.0, 20.8, 7.5, 21.8, 10.8, 14.5, 2.2, 35.5, 15.6, 7.9, 10.9, 17.0, 3.9, 17.0, 5.3, 8.6, 0, 2.3, 18.5, 13.0, 8.7, 10.6, 0, 7.6, 29.0, 2.7, 11.5, 8.0, 4.4, 19.6, 15.7, 4.5, 21.6, 8.0, 15.9, 5.0, 16.6, 3.4, 11.3, 4.8 
13.36, 13.36, 13.36, 13.36, 13.36, 13.36, 13.36, 13.36, 13.36, 13.36, 13.36, 13.36, 13.36, 13.36, 13.36, 13.36, 13.36, 13.36, 13.36, 13.36, 13.36, 13.36, 13.36, 13.36, 13.36, 13.36, 13.36, 13.36, 13.36, 13.36, 13.36, 13.36, 13.36, 13.36, 13.36, 13.36, 13.36, 13.36, 13.36, 13.36, 13.36, 13.36, 13.36, 13.36, 13.36, 13.36, 13.36, 13.36, 13.36, 13.36 
0, 0, 0, 0, 0, 0, 0, 0, 0, 0, 0, 0, 0, 0, 0, 0, 9, 11, 18, 28, 4, 25, 20, 12, 32, 29, 23, 24, 13, 17, 8, 16, 26, 18, 25, 24, 29, 2, 4, 29, 5, 22, 18, 18, 15, 6, 11, 31, 5, 22 
0, 0, 0, 0, 0, 0, 0, 0, 0, 0, 0, 0, 0, 0, 0, 0, 21, 32, 23, 24, 19, 8, 30, 11, 6, 5, 23, 2, 13, 16, 12, 30, 2, 23, 14, 30, 31, 21, 20, 25, 3, 7, 23, 27, 22, 2, 10, 32, 2, 30 
0, 0, 0, 0, 0, 0, 0, 0, 0, 0, 0, 0, 0, 0, 0, 0, 4.9, 14.1, 14.2, 15.1, 20.2, 18.7, 18.0, 13.8, 13.3, 11.9, 3.7, 10.7, 22.4, 2.6, 11.0, 26.6, 5.5, 8.6, 8.9, 10.1, 7.4, 3.6, 10.9, 8.0, 6.0, 9.9, 23.6, 9.9, 9.2, 11.0, 14.6, 9.5, 18.3, 13.0 
12.04, 12.04, 12.04, 12.04, 12.04, 12.04, 12.04, 12.04, 12.04, 12.04, 12.04, 12.04, 12.04, 12.04, 12.04, 12.04, 12.04, 12.04, 12.04, 12.04, 12.04, 12.04, 12.04, 12.04, 12.04, 12.04, 12.04, 12.04, 12.04, 12.04, 12.04, 12.04, 12.04, 12.04, 12.04, 12.04, 12.04, 12.04, 12.04, 12.04, 12.04, 12.04, 12.04, 12.04, 12.04, 12.04, 12.04, 12.04, 12.04, 12.04 
27, 28, 22, 27, 2, 2, 0, 0, 0, 0, 0, 0, 0, 0, 0, 0, 27, 28, 11, 22, 23, 28, 12, 31, 23, 21, 16, 29, 18, 8, 24, 10, 0, 17, 20, 26, 12, 7, 27, 12, 31, 12, 28, 0, 0, 32, 12, 1, 6, 6 
5, 30, 3, 1, 2, 27, 0, 0, 0, 0, 0, 0, 0, 0, 0, 0, 13, 11, 9, 1, 24, 6, 2, 31, 30, 32, 9, 5, 29, 19, 2, 12, 0, 9, 18, 31, 25, 2, 7, 22, 30, 10, 9, 0, 0, 30, 20, 14, 21, 2 
5.1, 8.6, 6.5, 36.1, 9.4, 12.9, 0, 0, 0, 0, 0, 0, 0, 0, 0, 0, 21.0, 7.1, 9.4, 12.7, 9.5, 21.3, 11.9, 21.1, 23.0, 24.3, 28.3, 9.4, 6.8, 6.0, 25.5, 8.6, 0, 14.5, 8.3, 3.8, 13.4, 8.8, 12.8, 15.1, 5.9, 51.1, 6.2, 0, 0, 10.6, 5.4, 10.8, 63, 12.8 
13.35, 13.35, 13.35, 13.35, 13.35, 13.35, 13.35, 13.35, 13.35, 13.35, 13.35, 13.35, 13.35, 13.35, 13.35, 13.35, 13.35, 13.35, 13.35, 13.35, 13.35, 13.35, 13.35, 13.35, 13.35, 13.35, 13.35, 13.35, 13.35, 13.35, 13.35, 13.35, 13.35, 13.35, 13.35, 13.35, 13.35, 13.35, 13.35, 13.35, 13.35, 13.35, 13.35, 13.35, 13.35, 13.35, 13.35, 13.35, 13.35, 13.35 
0, 0, 0, 0, 0, 0, 0, 0, 0, 0, 0, 0, 0, 0, 0, 0, 4, 0, 0, 0, 27, 4, 0, 24, 10, 16, 32, 10, 2, 4, 0, 30, 3, 3, 1, 8, 16, 32, 28, 18, 7, 17, 6, 8, 4, 14, 31, 24, 16, 5 
0, 0, 0, 0, 0, 0, 0, 0, 0, 0, 0, 0, 0, 0, 0, 0, 25, 0, 0, 0, 28, 18, 0, 5, 10, 30, 22, 16, 21, 27, 0, 1, 25, 25, 9, 2, 24, 6, 30, 11, 31, 27, 31, 13, 21, 15, 32, 23, 25, 21 
0, 0, 0, 0, 0, 0, 0, 0, 0, 0, 0, 0, 0, 0, 0, 0, -0.9, 0, 0, 0, 2.3, 12.2, 0, 3.1, 10.6, 23.4, 7.5, 4.6, 7.8, 4.0, 0, 22.7, 3.6, 2.7, 5.1, 16.1, 8.9, 17.5, 21.1, 15.8, 14.3, 13.0, 8.2, 11.2, 7.8, 1.0, 22.8, 1.3, 5.1, 8.2 
9.5, 9.5, 9.5, 9.5, 9.5, 9.5, 9.5, 9.5, 9.5, 9.5, 9.5, 9.5, 9.5, 9.5, 9.5, 9.5, 9.5, 9.5, 9.5, 9.5, 9.5, 9.5, 9.5, 9.5, 9.5, 9.5, 9.5, 9.5, 9.5, 9.5, 9.5, 9.5, 9.5, 9.5, 9.5, 9.5, 9.5, 9.5, 9.5, 9.5, 9.5, 9.5, 9.5, 9.5, 9.5, 9.5, 9.5, 9.5, 9.5, 9.5 
0, 0, 0, 0, 0, 0, 0, 0, 0, 0, 0, 0, 0, 0, 0, 0, 0, 0, 0, 0, 0, 0, 0, 0, 0, 0, 0, 0, 0, 0, 0, 0, 0, 0, 21, 5, 27, 28, 24, 26, 22, 8, 9, 32, 28, 0, 3, 11, 7, 14 
0, 0, 0, 0, 0, 0, 0, 0, 0, 0, 0, 0, 0, 0, 0, 0, 0, 0, 0, 0, 0, 0, 0, 0, 0, 0, 0, 0, 0, 0, 0, 0, 0, 0, 29, 22, 6, 7, 15, 5, 26, 15, 20, 32, 4, 0, 29, 12, 31, 4 
0, 0, 0, 0, 0, 0, 0, 0, 0, 0, 0, 0, 0, 0, 0, 0, 0, 0, 0, 0, 0, 0, 0, 0, 0, 0, 0, 0, 0, 0, 0, 0, 0, 0, 1.5, 3.3, 2.4, 14.8, 17.0, 28.7, 11.2, 24.9, 7.2, 15.9, 3.6, 0, 7.9, 10.5, 14.2, 12.4 
11.7, 11.7, 11.7, 11.7, 11.7, 11.7, 11.7, 11.7, 11.7, 11.7, 11.7, 11.7, 11.7, 11.7, 11.7, 11.7, 11.7, 11.7, 11.7, 11.7, 11.7, 11.7, 11.7, 11.7, 11.7, 11.7, 11.7, 11.7, 11.7, 11.7, 11.7, 11.7, 11.7, 11.7, 11.7, 11.7, 11.7, 11.7, 11.7, 11.7, 11.7, 11.7, 11.7, 11.7, 11.7, 11.7, 11.7, 11.7, 11.7, 11.7 
0, 0, 0, 0, 0, 0, 0, 0, 0, 0, 0, 0, 0, 0, 0, 0, 0, 0, 0, 0, 0, 0, 0, 0, 0, 0, 0, 0, 0, 0, 0, 0, 0, 22, 13, 13, 4, 21, 20, 19, 11, 31, 24, 11, 29, 10, 1, 7, 24, 18 
0, 0, 0, 0, 0, 0, 0, 0, 0, 0, 0, 0, 0, 0, 0, 0, 0, 0, 0, 0, 0, 0, 0, 0, 0, 0, 0, 0, 0, 0, 0, 0, 0, 17, 27, 5, 3, 28, 27, 26, 19, 32, 12, 2, 6, 16, 18, 31, 28, 16 
0, 0, 0, 0, 0, 0, 0, 0, 0, 0, 0, 0, 0, 0, 0, 0, 0, 0, 0, 0, 0, 0, 0, 0, 0, 0, 0, 0, 0, 0, 0, 0, 0, 6.5, 5.3, 7.5, 3.2, 11.4, 10.8, 17.9, 22.2, 24.6, 7.3, 0.3, 4.6, 3.2, 10.7, 11.2, 20.0, 3.4 
10.01, 10.01, 10.01, 10.01, 10.01, 10.01, 10.01, 10.01, 10.01, 10.01, 10.01, 10.01, 10.01, 10.01, 10.01, 10.01, 10.01, 10.01, 10.01, 10.01, 10.01, 10.01, 10.01, 10.01, 10.01, 10.01, 10.01, 10.01, 10.01, 10.01, 10.01, 10.01, 10.01, 10.01, 10.01, 10.01, 10.01, 10.01, 10.01, 10.01, 10.01, 10.01, 10.01, 10.01, 10.01, 10.01, 10.01, 10.01, 10.01, 10.01 
6, 31, 18, 14, 22, 13, 17, 15, 4, 26, 16, 3, 29, 0, 12, 13, 8, 20, 19, 5, 28, 8, 7, 9, 31, 23, 24, 7, 26, 18, 26, 6, 13, 6, 27, 20, 31, 20, 5, 32, 0, 0, 14, 20, 16, 24, 22, 4, 19, 17 
4, 22, 8, 30, 26, 15, 17, 3, 9, 13, 17, 2, 23, 0, 3, 26, 20, 5, 3, 10, 26, 14, 13, 19, 22, 12, 32, 7, 17, 26, 17, 15, 3, 20, 23, 26, 17, 4, 3, 6, 0, 0, 13, 26, 27, 28, 1, 3, 16, 17 
24.7, 16.2, 11.8, 12.5, 22.5, 4.0, 5.1, 7.3, 6.9, 17.4, 1.9, 9.5, 5.9, 0, 13.9, 12.1, 3.9, 15.7, 23.6, 20.3, 23.2, 11.9, 7.3, 9.6, 17.8, 6.8, 10.9, 4.7, 8.0, 13.2, 16.2, 3.0, 9.0, 4.9, 4.9, 13.5, 8.1, 7.8, 14.6, 17.7, 0, 0, 16.7, 15.5, 15.1, 14.1, 13.1, 12.1, 9.7, 1.0 
13.54, 13.54, 13.54, 13.54, 13.54, 13.54, 13.54, 13.54, 13.54, 13.54, 13.54, 13.54, 13.54, 13.54, 13.54, 13.54, 13.54, 13.54, 13.54, 13.54, 13.54, 13.54, 13.54, 13.54, 13.54, 13.54, 13.54, 13.54, 13.54, 13.54, 13.54, 13.54, 13.54, 13.54, 13.54, 13.54, 13.54, 13.54, 13.54, 13.54, 13.54, 13.54, 13.54, 13.54, 13.54, 13.54, 13.54, 13.54, 13.54, 13.54 
10, 29, 6, 30, 14, 21, 10, 2, 15, 25, 22, 28, 12, 10, 25, 0, 18, 6, 2, 24, 30, 25, 10, 32, 0, 0, 0, 0, 32, 6, 10, 19, 29, 29, 0, 30, 0, 11, 13, 16, 29, 9, 28, 27, 6, 11, 17, 21, 4, 13 
20, 32, 24, 6, 5, 10, 11, 20, 29, 22, 19, 22, 3, 12, 13, 0, 24, 10, 14, 26, 17, 8, 20, 22, 0, 0, 0, 0, 31, 20, 25, 10, 22, 22, 0, 10, 0, 8, 23, 15, 32, 2, 9, 4, 29, 20, 22, 30, 3, 10 
18.7, 29.4, 31.7, 17.9, 11.9, 14.8, 16.3, 10.9, 27.8, 10.5, 5.2, 15.7, 15.4, 15.4, 53.2, 0, 15.1, 3.0, 17.8, 12.0, 24.2, 23.9, 13.6, 16.4, 0, 0, 0, 0, 20.5, 3.1, 5.9, 16.0, 16.2, 4.6, 0, 5.3, 0, 17.4, 12.4, 10.5, 33.8, 6.2, 4.5, 8.9, 1.0, 3.7, 10.4, 17.0, 8.0, 11.0 
14.92, 14.92, 14.92, 14.92, 14.92, 14.92, 14.92, 14.92, 14.92, 14.92, 14.92, 14.92, 14.92, 14.92, 14.92, 14.92, 14.92, 14.92, 14.92, 14.92, 14.92, 14.92, 14.92, 14.92, 14.92, 14.92, 14.92, 14.92, 14.92, 14.92, 14.92, 14.92, 14.92, 14.92, 14.92, 14.92, 14.92, 14.92, 14.92, 14.92, 14.92, 14.92, 14.92, 14.92, 14.92, 14.92, 14.92, 14.92, 14.92, 14.92 
26, 15, 25, 21, 13, 20, 1, 31, 26, 30, 0, 0, 18, 0, 3, 16, 26, 17, 27, 14, 18, 12, 29, 10, 24, 11, 22, 15, 21, 30, 0, 0, 22, 8, 30, 9, 20, 3, 0, 0, 0, 6, 25, 10, 30, 1, 15, 16, 26, 0 
26, 19, 28, 3, 30, 16, 2, 18, 23, 1, 0, 0, 21, 0, 27, 30, 16, 13, 1, 4, 29, 30, 28, 24, 29, 10, 8, 11, 4, 6, 0, 0, 8, 12, 32, 4, 10, 3, 0, 0, 0, 8, 4, 29, 5, 14, 19, 20, 22, 0 
1.7, 18.1, 20.9, 12.3, 16.2, 11.1, 12.0, 2.0, 4.8, 9.9, 0, 0, 1.8, 0, 12.6, 6.2, 5.3, 2.6, 17.3, 18.6, 9.7, 7.1, 12.4, 14.2, 35.3, 12.4, 15.9, 17.1, 24.5, 7.0, 0, 0, 21.3, 11.5, 5.1, 5.7, 7.7, 6.3, 0, 0, 0, 6.4, 20.6, 11.4, 18.0, 17.4, 15.1, 18.0, 11.0, 0 
13.0, 13.0, 13.0, 13.0, 13.0, 13.0, 13.0, 13.0, 13.0, 13.0, 13.0, 13.0, 13.0, 13.0, 13.0, 13.0, 13.0, 13.0, 13.0, 13.0, 13.0, 13.0, 13.0, 13.0, 13.0, 13.0, 13.0, 13.0, 13.0, 13.0, 13.0, 13.0, 13.0, 13.0, 13.0, 13.0, 13.0, 13.0, 13.0, 13.0, 13.0, 13.0, 13.0, 13.0, 13.0, 13.0, 13.0, 13.0, 13.0, 13.0 
8, 30, 19, 0, 16, 0, 31, 13, 20, 23, 7, 8, 0, 21, 32, 21, 21, 29, 12, 7, 16, 13, 6, 6, 21, 14, 5, 31, 2, 9, 0, 0, 0, 1, 17, 21, 17, 9, 10, 13, 6, 25, 5, 0, 21, 4, 28, 15, 13, 29 
7, 10, 19, 0, 11, 0, 32, 26, 7, 10, 4, 12, 0, 22, 6, 22, 18, 22, 4, 14, 25, 3, 11, 7, 17, 26, 27, 22, 21, 7, 0, 0, 0, 18, 7, 24, 12, 22, 9, 10, 2, 4, 8, 0, 7, 29, 23, 15, 10, 22 
1.9, 23.6, 2.2, 0, 0.0, 0, 9.7, 7.1, 4.1, 3.0, 8.6, 2.0, 0, 18.5, 12.6, 2.7, 5.9, 7.6, 3.4, 13.9, 17.0, 24.7, 15.0, 4.3, 9.2, 7.4, 37.1, 15.2, 19.2, 6.7, 0, 0, 0, 13.7, 7.4, 7.0, 11.4, 25.9, 16.1, 2.6, 11.8, 6.0, 10.8, 0, 8.1, 4.6, 7.4, 16.2, 4.7, 0.4 
10.97, 10.97, 10.97, 10.97, 10.97, 10.97, 10.97, 10.97, 10.97, 10.97, 10.97, 10.97, 10.97, 10.97, 10.97, 10.97, 10.97, 10.97, 10.97, 10.97, 10.97, 10.97, 10.97, 10.97, 10.97, 10.97, 10.97, 10.97, 10.97, 10.97, 10.97, 10.97, 10.97, 10.97, 10.97, 10.97, 10.97, 10.97, 10.97, 10.97, 10.97, 10.97, 10.97, 10.97, 10.97, 10.97, 10.97, 10.97, 10.97, 10.97 
